Code Name: Monoenergetic 1D Diffusion Solver for Eigenvalue Problems
Version: 5
Author: Ayub Sherif
Date and Time of Execution: 2024-11-28 01:54:45

Problem Type: Fixed Source
Slab Thickness: 10.0
Left Boundary: Reflective
Right Boundary: Vacuum
Number of Media: 1
Medium 1:
  Start: 0
  End: 10.0
  sigma_t: 1.0
  Scattering Ratio: 0.9
  Source Strength: 1.0
Mesh Points: 100
Initial Flux: 1.0
Tolerance: 1e-06
Max Iterations: 1000000

Results:
Neutron Flux (Phi):
[9.92881719 9.92870925 9.92838408 9.9278407  9.92707743 9.92609194
 9.92488121 9.92344153 9.92176849 9.91985696 9.91770109 9.91529428
 9.91262915 9.90969755 9.90649049 9.90299816 9.89920986 9.89511398
 9.89069799 9.88594836 9.88085055 9.87538895 9.86954683 9.86330632
 9.85664828 9.84955235 9.8419968  9.83395848 9.82541279 9.81633357
 9.80669301 9.7964616  9.78560801 9.77409901 9.76189936 9.74897172
 9.73527651 9.72077179 9.70541316 9.6891536  9.67194333 9.65372966
 9.63445684 9.61406585 9.59249428 9.56967608 9.5455414  9.52001636
 9.49302281 9.46447812 9.43429491 9.40238077 9.36863801 9.33296334
 9.29524754 9.25537517 9.21322415 9.16866547 9.12156271 9.07177169
 9.01914    8.96350651 8.90470092 8.84254324 8.77684317 8.70739962
 8.634      8.55641964 8.47442105 8.38775324 8.29615089 8.19933363
 8.09700508 7.98885202 7.87454337 7.75372925 7.62603984 7.49108427
 7.34844945 7.19769878 7.03837079 6.8699778  6.69200435 6.50390567
 6.30510599 6.09499679 5.87293493 5.63824068 5.39019566 5.1280406
 4.85097306 4.55814495 4.24865993 3.92157068 3.575876   3.21051774
 2.82437754 2.41627346 1.98495631 1.52910585 1.04732676 0.53814433
 0.        ]
Spatial Domain (x):
[ 0.          0.1010101   0.2020202   0.3030303   0.4040404   0.50505051
  0.60606061  0.70707071  0.80808081  0.90909091  1.01010101  1.11111111
  1.21212121  1.31313131  1.41414141  1.51515152  1.61616162  1.71717172
  1.81818182  1.91919192  2.02020202  2.12121212  2.22222222  2.32323232
  2.42424242  2.52525253  2.62626263  2.72727273  2.82828283  2.92929293
  3.03030303  3.13131313  3.23232323  3.33333333  3.43434343  3.53535354
  3.63636364  3.73737374  3.83838384  3.93939394  4.04040404  4.14141414
  4.24242424  4.34343434  4.44444444  4.54545455  4.64646465  4.74747475
  4.84848485  4.94949495  5.05050505  5.15151515  5.25252525  5.35353535
  5.45454545  5.55555556  5.65656566  5.75757576  5.85858586  5.95959596
  6.06060606  6.16161616  6.26262626  6.36363636  6.46464646  6.56565657
  6.66666667  6.76767677  6.86868687  6.96969697  7.07070707  7.17171717
  7.27272727  7.37373737  7.47474747  7.57575758  7.67676768  7.77777778
  7.87878788  7.97979798  8.08080808  8.18181818  8.28282828  8.38383838
  8.48484848  8.58585859  8.68686869  8.78787879  8.88888889  8.98989899
  9.09090909  9.19191919  9.29292929  9.39393939  9.49494949  9.5959596
  9.6969697   9.7979798   9.8989899  10.         10.1010101  10.2020202
 10.3030303 ]

Code Name: Monoenergetic 1D Diffusion Solver for Eigenvalue Problems
Version: 5
Author: Ayub Sherif
Date and Time of Execution: 2024-11-28 01:56:20

Problem Type: Fission
Slab Thickness: 10.0
Left Boundary: Reflective
Right Boundary: Vacuum
Number of Media: 2
Medium 1:
  Start: 0
  End: 5.0
  sigma_t: 1.0
  Scattering Ratio: 0.8
  Fission Ratio: 0.5
  Neutron Yield: 2.5
Medium 2:
  Start: 5.0
  End: 10.0
  sigma_t: 1.0
  Scattering Ratio: 0.99
  Fission Ratio: 0.0
  Neutron Yield: 0.0
Mesh Points: 100
Initial Flux: 1.0
Initial Eigenvalue (k): 1.0
Tolerance: 1e-06
Max Iterations: 1000000

Results:
Final Eigenvalue (k): 1.168822
Neutron Flux (Phi):
[1.28623359 1.29017163 1.29356233 1.29640422 1.29869609 1.30043693
 1.30162598 1.30226271 1.3023468  1.30187819 1.30085704 1.29928372
 1.29715886 1.29448331 1.29125814 1.28748467 1.28316444 1.27829922
 1.27289102 1.26694204 1.26045477 1.25343187 1.24587627 1.2377911
 1.22917972 1.22004571 1.21039289 1.20022529 1.18954715 1.17836295
 1.16667736 1.15449529 1.14182186 1.12866237 1.11502238 1.10090762
 1.08632403 1.07127778 1.0557752  1.03982285 1.02342747 1.00659599
 0.98933555 0.97165345 0.95355719 0.93505443 0.91615304 0.89686104
 0.8771866  0.85713809 0.83672401 0.81656512 0.79665524 0.77698829
 0.75755823 0.73835913 0.71938512 0.7006304  0.68208923 0.66375596
 0.64562498 0.62769076 0.60994782 0.59239074 0.57501418 0.55781281
 0.54078141 0.52391476 0.50720772 0.49065521 0.47425217 0.45799359
 0.44187452 0.42589006 0.41003531 0.39430546 0.3786957  0.36320128
 0.34781749 0.33253962 0.31736302 0.30228308 0.2872952  0.27239481
 0.25757738 0.24283838 0.22817334 0.21357779 0.19904728 0.18457739
 0.17016371 0.15580185 0.14148745 0.12721614 0.11298358 0.09878543
 0.08461738 0.07047511 0.05635431 0.0422507  0.02815996 0.01407783
 0.        ]
Spatial Domain (x):
[ 0.          0.10130719  0.20261438  0.30392157  0.40522876  0.50653595
  0.60784314  0.70915033  0.81045752  0.91176471  1.0130719   1.11437908
  1.21568627  1.31699346  1.41830065  1.51960784  1.62091503  1.72222222
  1.82352941  1.9248366   2.02614379  2.12745098  2.22875817  2.33006536
  2.43137255  2.53267974  2.63398693  2.73529412  2.83660131  2.9379085
  3.03921569  3.14052288  3.24183007  3.34313725  3.44444444  3.54575163
  3.64705882  3.74836601  3.8496732   3.95098039  4.05228758  4.15359477
  4.25490196  4.35620915  4.45751634  4.55882353  4.66013072  4.76143791
  4.8627451   4.96405229  5.06535948  5.16666667  5.26797386  5.36928105
  5.47058824  5.57189542  5.67320261  5.7745098   5.87581699  5.97712418
  6.07843137  6.17973856  6.28104575  6.38235294  6.48366013  6.58496732
  6.68627451  6.7875817   6.88888889  6.99019608  7.09150327  7.19281046
  7.29411765  7.39542484  7.49673203  7.59803922  7.69934641  7.80065359
  7.90196078  8.00326797  8.10457516  8.20588235  8.30718954  8.40849673
  8.50980392  8.61111111  8.7124183   8.81372549  8.91503268  9.01633987
  9.11764706  9.21895425  9.32026144  9.42156863  9.52287582  9.62418301
  9.7254902   9.82679739  9.92810458 10.02941176 10.13071895 10.23202614
 10.33333333]

